[[50.0949249267578125, 20.0652141571044921875],
[50.0948638916015625, 20.0652027130126953125],
[50.094806671142578125, 20.065189361572265625],
[50.0947723388671875, 20.06517791748046875],
[50.094699859619140625, 20.065143585205078125],
[50.09462738037109375, 20.0650806427001953125],
[50.09456634521484375, 20.0650157928466796875],
[50.09421539306640625, 20.0644378662109375],
[50.09394073486328125, 20.0639858245849609375],
[50.09366607666015625, 20.06356048583984375],
[50.092884063720703125, 20.0623016357421875],
[50.09241485595703125, 20.0615596771240234375],
[50.09197235107421875, 20.0608196258544921875],
[50.09162139892578125, 20.0602512359619140625],
[50.09134674072265625, 20.05980682373046875],
[50.091228485107421875, 20.0596218109130859375],
[50.091121673583984375, 20.059459686279296875],
[50.09105682373046875, 20.0593719482421875],
[50.0910186767578125, 20.059322357177734375],
[50.09096527099609375, 20.0592555999755859375],
[50.09081268310546875, 20.0590915679931640625],
[50.090412139892578125, 20.058712005615234375],
[50.09030914306640625, 20.058620452880859375],
[50.090198516845703125, 20.0585308074951171875],
[50.090175628662109375, 20.0585079193115234375],
[50.08986663818359375, 20.0582180023193359375],
[50.089817047119140625, 20.0581684112548828125],
[50.08972930908203125, 20.05805206298828125],
[50.08965301513671875, 20.0579681396484375],
[50.08925628662109375, 20.057590484619140625],
[50.089160919189453125, 20.0575122833251953125],
[50.089046478271484375, 20.05742645263671875],
[50.088993072509765625, 20.0573749542236328125],
[50.0887298583984375, 20.0571269989013671875],
[50.088626861572265625, 20.05702972412109375],
[50.088558197021484375, 20.0569400787353515625],
[50.088481903076171875, 20.056858062744140625],
[50.08835601806640625, 20.056735992431640625],
[50.08824920654296875, 20.056629180908203125],
[50.0882110595703125, 20.0565891265869140625],
[50.088085174560546875, 20.0564727783203125],
[50.08806610107421875, 20.056453704833984375],
[50.088047027587890625, 20.0564327239990234375],
[50.088031768798828125, 20.056415557861328125],
[50.088008880615234375, 20.0563869476318359375],
[50.087993621826171875, 20.056362152099609375],
[50.087982177734375, 20.056339263916015625],
[50.087970733642578125, 20.0563201904296875],
[50.08795166015625, 20.0562763214111328125],
[50.087940216064453125, 20.0562496185302734375],
[50.087924957275390625, 20.0562038421630859375],
[50.087917327880859375, 20.0561676025390625],
[50.087795257568359375, 20.05567169189453125],
[50.087680816650390625, 20.0546131134033203125],
[50.087459564208984375, 20.0524616241455078125],
[50.087207794189453125, 20.049953460693359375],
[50.087131500244140625, 20.0491466522216796875],
[50.08696746826171875, 20.0474853515625],
[50.086944580078125, 20.047252655029296875],
[50.086910247802734375, 20.0469150543212890625],
[50.08687591552734375, 20.0465373992919921875],
[50.086429595947265625, 20.0420475006103515625],
[50.086414337158203125, 20.04190826416015625],
[50.086391448974609375, 20.0417804718017578125],
[50.08637237548828125, 20.04168701171875],
[50.086353302001953125, 20.041591644287109375],
[50.086315155029296875, 20.04143524169921875],
[50.086185455322265625, 20.040912628173828125],
[50.085906982421875, 20.0398311614990234375],
[50.085887908935546875, 20.0397491455078125],
[50.0858306884765625, 20.039562225341796875],
[50.085796356201171875, 20.0394496917724609375],
[50.085765838623046875, 20.0393543243408203125],
[50.085712432861328125, 20.0392131805419921875],
[50.08565521240234375, 20.039073944091796875],
[50.08557891845703125, 20.0389080047607421875],
[50.085391998291015625, 20.0385227203369140625],
[50.085201263427734375, 20.0381412506103515625],
[50.08499908447265625, 20.0377483367919921875],
[50.0849609375, 20.037670135498046875],
[50.084911346435546875, 20.037586212158203125],
[50.0848236083984375, 20.0374279022216796875],
[50.08365631103515625, 20.035259246826171875],
[50.08240509033203125, 20.0329437255859375],
[50.0818939208984375, 20.0319957733154296875],
[50.08038330078125, 20.0291767120361328125],
[50.080341339111328125, 20.029087066650390625],
[50.08031463623046875, 20.0290241241455078125],
[50.080287933349609375, 20.028961181640625],
[50.08026885986328125, 20.028900146484375],
[50.080219268798828125, 20.0287570953369140625],
[50.08016204833984375, 20.02858734130859375],
[50.080059051513671875, 20.0282535552978515625],
[50.0800018310546875, 20.0280628204345703125],
[50.079929351806640625, 20.02789306640625],
[50.07988739013671875, 20.027805328369140625],
[50.079784393310546875, 20.027606964111328125],
[50.079753875732421875, 20.02754974365234375],
[50.079692840576171875, 20.0274333953857421875],
[50.079647064208984375, 20.0273456573486328125],
[50.07962799072265625, 20.0273113250732421875],
[50.07958221435546875, 20.0272274017333984375],
[50.07952117919921875, 20.0271148681640625],
[50.07949066162109375, 20.027057647705078125],
[50.079418182373046875, 20.02692413330078125],
[50.079380035400390625, 20.026859283447265625],
[50.07935333251953125, 20.0268077850341796875],
[50.079311370849609375, 20.026744842529296875],
[50.0792236328125, 20.026653289794921875],
[50.079051971435546875, 20.0264892578125],
[50.0789642333984375, 20.0264072418212890625],
[50.078899383544921875, 20.0263385772705078125],
[50.07884979248046875, 20.02628326416015625],
[50.078792572021484375, 20.026203155517578125],
[50.07872772216796875, 20.0261096954345703125],
[50.07868194580078125, 20.0260257720947265625],
[50.078548431396484375, 20.0257778167724609375],
[50.078411102294921875, 20.025539398193359375],
[50.077671051025390625, 20.0241489410400390625],
[50.076076507568359375, 20.021198272705078125],
[50.075653076171875, 20.020420074462890625],
[50.074886322021484375, 20.019001007080078125],
[50.07463836669921875, 20.0185298919677734375],
[50.07451629638671875, 20.0183200836181640625],
[50.074451446533203125, 20.018245697021484375],
[50.073993682861328125, 20.01775360107421875],
[50.07393646240234375, 20.0177021026611328125],
[50.073886871337890625, 20.017673492431640625],
[50.07381439208984375, 20.01763153076171875],
[50.07370758056640625, 20.0175724029541015625],
[50.0734710693359375, 20.017444610595703125],
[50.07321929931640625, 20.01731109619140625],
[50.07318115234375, 20.017292022705078125],
[50.07314300537109375, 20.017269134521484375],
[50.073078155517578125, 20.01723480224609375],
[50.072933197021484375, 20.01715850830078125],
[50.072795867919921875, 20.0170879364013671875],
[50.072052001953125, 20.0166873931884765625],
[50.07141876220703125, 20.016357421875],
[50.071086883544921875, 20.0161285400390625],
[50.07086181640625, 20.0159320831298828125],
[50.07073974609375, 20.0157985687255859375],
[50.070636749267578125, 20.0156688690185546875],
[50.070438385009765625, 20.0153865814208984375],
[50.07030487060546875, 20.015155792236328125],
[50.070247650146484375, 20.0150241851806640625],
[50.070159912109375, 20.0148220062255859375],
[50.07009124755859375, 20.0146427154541015625],
[50.069972991943359375, 20.0143108367919921875],
[50.069576263427734375, 20.0132045745849609375],
[50.0694122314453125, 20.012752532958984375],
[50.0692291259765625, 20.0121746063232421875],
[50.0691375732421875, 20.0118541717529296875],
[50.069042205810546875, 20.01151275634765625],
[50.068950653076171875, 20.01117706298828125],
[50.06877899169921875, 20.010517120361328125],
[50.068622589111328125, 20.0099391937255859375],
[50.06810760498046875, 20.0082244873046875],
[50.067676544189453125, 20.0068302154541015625],
[50.067615509033203125, 20.0066165924072265625],
[50.06757354736328125, 20.0064411163330078125],
[50.06752777099609375, 20.0062274932861328125],
[50.06748199462890625, 20.0059528350830078125],
[50.0673980712890625, 20.0053730010986328125],
[50.067348480224609375, 20.0050411224365234375],
[50.067333221435546875, 20.00493621826171875],
[50.0673065185546875, 20.0048160552978515625],
[50.067249298095703125, 20.00464630126953125],
[50.06717681884765625, 20.0044612884521484375],
[50.067096710205078125, 20.0043182373046875],
[50.06702423095703125, 20.0041980743408203125],
[50.066951751708984375, 20.0040454864501953125],
[50.06691741943359375, 20.0039520263671875],
[50.066867828369140625, 20.00380706787109375],
[50.06685638427734375, 20.0037384033203125],
[50.06679534912109375, 20.0034503936767578125],
[50.066677093505859375, 20.0028629302978515625],
[50.06655120849609375, 20.0022716522216796875],
[50.066501617431640625, 20.001983642578125],
[50.066448211669921875, 20.0017032623291015625],
[50.065643310546875, 19.9971218109130859375],
[50.065608978271484375, 19.9969425201416015625],
[50.065586090087890625, 19.9968242645263671875],
[50.0655517578125, 19.9966220855712890625],
[50.065502166748046875, 19.9963245391845703125],
[50.065097808837890625, 19.9939937591552734375],
[50.06453704833984375, 19.990753173828125],
[50.06441497802734375, 19.9900760650634765625],
[50.064380645751953125, 19.9898815155029296875],
[50.064319610595703125, 19.9895229339599609375],
[50.06429290771484375, 19.9893703460693359375],
[50.06424713134765625, 19.9891033172607421875],
[50.06406402587890625, 19.9880580902099609375],
[50.064044952392578125, 19.9879589080810546875],
[50.064037322998046875, 19.9879093170166015625],
[50.06375885009765625, 19.9862117767333984375],
[50.0637054443359375, 19.9859161376953125],
[50.063632965087890625, 19.985569000244140625],
[50.06356048583984375, 19.985271453857421875],
[50.063495635986328125, 19.9850444793701171875],
[50.063419342041015625, 19.98479461669921875],
[50.063343048095703125, 19.984600067138671875],
[50.06328582763671875, 19.98445892333984375],
[50.063037872314453125, 19.98394012451171875],
[50.06298828125, 19.983837127685546875],
[50.062835693359375, 19.9835147857666015625],
[50.06243896484375, 19.9826812744140625],
[50.06214141845703125, 19.9820709228515625],
[50.06159210205078125, 19.9809093475341796875],
[50.0612945556640625, 19.98028564453125],
[50.060916900634765625, 19.9795093536376953125],
[50.060871124267578125, 19.979419708251953125],
[50.06072998046875, 19.9791278839111328125],
[50.06008148193359375, 19.977764129638671875],
[50.059902191162109375, 19.9773883819580078125],
[50.05982208251953125, 19.9771633148193359375],
[50.05975341796875, 19.9769153594970703125],
[50.0596923828125, 19.97664642333984375],
[50.059627532958984375, 19.9762706756591796875],
[50.059581756591796875, 19.9759674072265625],
[50.059558868408203125, 19.9757976531982421875],
[50.059539794921875, 19.975582122802734375],
[50.059528350830078125, 19.975399017333984375],
[50.0595245361328125, 19.9752044677734375],
[50.059535980224609375, 19.9750270843505859375],
[50.05954742431640625, 19.9748382568359375],
[50.05956268310546875, 19.9746570587158203125],
[50.059597015380859375, 19.9743900299072265625],
[50.05962371826171875, 19.9742031097412109375],
[50.05970001220703125, 19.973773956298828125],
[50.059993743896484375, 19.972442626953125],
[50.06006622314453125, 19.9720973968505859375],
[50.06009674072265625, 19.971954345703125],
[50.06024932861328125, 19.9712619781494140625],
[50.060306549072265625, 19.9709987640380859375],
[50.06040191650390625, 19.9705753326416015625],
[50.060459136962890625, 19.9703006744384765625],
[50.06050872802734375, 19.9699611663818359375],
[50.0605316162109375, 19.9696807861328125],
[50.06053924560546875, 19.9695529937744140625],
[50.060535430908203125, 19.969326019287109375],
[50.060527801513671875, 19.969097137451171875],
[50.060497283935546875, 19.96878814697265625],
[50.060455322265625, 19.968502044677734375],
[50.06032562255859375, 19.967967987060546875],
[50.060176849365234375, 19.967380523681640625],
[50.059722900390625, 19.9654979705810546875],
[50.059383392333984375, 19.964111328125],
[50.059295654296875, 19.963741302490234375],
[50.05924224853515625, 19.9635334014892578125],
[50.0591583251953125, 19.9632568359375],
[50.05904388427734375, 19.9629001617431640625],
[50.058971405029296875, 19.9627132415771484375],
[50.058826446533203125, 19.9623737335205078125],
[50.05877685546875, 19.9622592926025390625],
[50.058673858642578125, 19.9620265960693359375],
[50.05857086181640625, 19.9618167877197265625],
[50.058353424072265625, 19.96134185791015625],
[50.05816650390625, 19.960941314697265625],
[50.058074951171875, 19.9607086181640625],
[50.05802154541015625, 19.9605426788330078125],
[50.0578155517578125, 19.959934234619140625],
[50.05780792236328125, 19.959911346435546875],
[50.057750701904296875, 19.959743499755859375],
[50.057743072509765625, 19.9597034454345703125],
[50.057735443115234375, 19.9596805572509765625],
[50.057720184326171875, 19.9596080780029296875],
[50.057682037353515625, 19.9593601226806640625],
[50.05760955810546875, 19.9587917327880859375],
[50.057598114013671875, 19.9586925506591796875],
[50.057586669921875, 19.958454132080078125],
[50.05757904052734375, 19.9582977294921875],
[50.0575714111328125, 19.9581298828125],
[50.057552337646484375, 19.9577350616455078125],
[50.057537078857421875, 19.957366943359375],
[50.05753326416015625, 19.957244873046875],
[50.0575408935546875, 19.9571361541748046875],
[50.057552337646484375, 19.9570255279541015625],
[50.057575225830078125, 19.956882476806640625],
[50.057621002197265625, 19.9567108154296875],
[50.057643890380859375, 19.9566326141357421875],
[50.0578765869140625, 19.9560031890869140625],
[50.058010101318359375, 19.9556427001953125],
[50.05809783935546875, 19.955402374267578125],
[50.0582275390625, 19.9550533294677734375],
[50.05828094482421875, 19.9549045562744140625],
[50.05832672119140625, 19.954761505126953125],
[50.058353424072265625, 19.954681396484375],
[50.058452606201171875, 19.9543018341064453125],
[50.05850982666015625, 19.9540386199951171875],
[50.05854034423828125, 19.953868865966796875],
[50.05855560302734375, 19.9537792205810546875],
[50.05857086181640625, 19.9536724090576171875],
[50.058605194091796875, 19.9533786773681640625],
[50.058643341064453125, 19.9528350830078125],
[50.058712005615234375, 19.9519023895263671875],
[50.05873870849609375, 19.9514923095703125],
[50.058746337890625, 19.951396942138671875],
[50.05878448486328125, 19.9508037567138671875],
[50.058780670166015625, 19.950611114501953125],
[50.058773040771484375, 19.9504184722900390625],
[50.05873870849609375, 19.9497776031494140625],
[50.05869293212890625, 19.9490261077880859375],
[50.058681488037109375, 19.9488239288330078125],
[50.0586700439453125, 19.9487152099609375],
[50.058658599853515625, 19.9486026763916015625],
[50.058620452880859375, 19.9483585357666015625],
[50.058574676513671875, 19.948089599609375],
[50.0585479736328125, 19.9479579925537109375],
[50.058452606201171875, 19.947490692138671875],
[50.05843353271484375, 19.9474048614501953125],
[50.05841064453125, 19.9473247528076171875],
[50.058380126953125, 19.9472255706787109375],
[50.058349609375, 19.9471435546875],
[50.058319091796875, 19.9470653533935546875],
[50.058261871337890625, 19.94696044921875],
[50.058193206787109375, 19.9468517303466796875],
[50.058155059814453125, 19.94680023193359375],
[50.0580596923828125, 19.94669342041015625],
[50.057971954345703125, 19.9466152191162109375],
[50.057849884033203125, 19.94651031494140625],
[50.05755615234375, 19.94626617431640625],
[50.05725860595703125, 19.9460277557373046875],
[50.05724334716796875, 19.9460163116455078125],
[50.05696868896484375, 19.945796966552734375],
[50.056941986083984375, 19.945770263671875],
[50.056919097900390625, 19.94573974609375],
[50.056896209716796875, 19.9457073211669921875],
[50.05687713623046875, 19.9456653594970703125],
[50.056858062744140625, 19.9456157684326171875],
[50.05684661865234375, 19.9455852508544921875],
[50.056835174560546875, 19.9455242156982421875],
[50.05683135986328125, 19.9454936981201171875],
[50.056827545166015625, 19.9454631805419921875],
[50.056827545166015625, 19.94542694091796875],
[50.056827545166015625, 19.9453945159912109375],
[50.05683135986328125, 19.9453334808349609375],
[50.0568389892578125, 19.9452762603759765625],
[50.056850433349609375, 19.945232391357421875],
[50.05686187744140625, 19.9451961517333984375],
[50.056880950927734375, 19.9451465606689453125],
[50.056911468505859375, 19.9450931549072265625],
[50.057140350341796875, 19.944732666015625],
[50.057308197021484375, 19.944545745849609375],
[50.05751800537109375, 19.9443225860595703125],
[50.05773162841796875, 19.944095611572265625],
[50.05877685546875, 19.942974090576171875],
[50.058933258056640625, 19.942806243896484375],
[50.059024810791015625, 19.942722320556640625],
[50.05913543701171875, 19.94261932373046875],
[50.05922698974609375, 19.9425334930419921875],
[50.059337615966796875, 19.942432403564453125],
[50.059417724609375, 19.942348480224609375],
[50.0594635009765625, 19.9422740936279296875],
[50.059474945068359375, 19.9422550201416015625],
[50.059478759765625, 19.94223785400390625],
[50.059482574462890625, 19.942218780517578125],
[50.059490203857421875, 19.9421939849853515625],
[50.0594940185546875, 19.94216156005859375],
[50.059497833251953125, 19.94213104248046875],
[50.059497833251953125, 19.942104339599609375],
[50.0594940185546875, 19.9420680999755859375],
[50.0594940185546875, 19.942050933837890625],
[50.059490203857421875, 19.9420318603515625],
[50.059482574462890625, 19.94200897216796875],
[50.059474945068359375, 19.941982269287109375],
[50.0594635009765625, 19.9419498443603515625],
[50.059452056884765625, 19.941925048828125],
[50.059436798095703125, 19.941898345947265625],
[50.059101104736328125, 19.941436767578125],
[50.0590667724609375, 19.941379547119140625],
[50.059047698974609375, 19.94133758544921875],
[50.05902862548828125, 19.9412841796875],
[50.059009552001953125, 19.94120025634765625],
[50.059001922607421875, 19.941131591796875],
[50.05899810791015625, 19.9410686492919921875],
[50.05901336669921875, 19.9408206939697265625],
[50.059032440185546875, 19.9403896331787109375],
[50.05905914306640625, 19.9398670196533203125],
[50.059116363525390625, 19.9387226104736328125],
[50.059123992919921875, 19.938556671142578125],
[50.0591278076171875, 19.93824005126953125],
[50.05915069580078125, 19.9372997283935546875],
[50.05916595458984375, 19.937160491943359375],
[50.059177398681640625, 19.9370899200439453125],
[50.0592041015625, 19.9369907379150390625],
[50.059238433837890625, 19.936885833740234375],
[50.05925750732421875, 19.9368438720703125],
[50.059375762939453125, 19.9365997314453125],
[50.05941009521484375, 19.9365081787109375],
[50.059436798095703125, 19.936412811279296875],
[50.059452056884765625, 19.936336517333984375],
[50.05947113037109375, 19.93621063232421875],
[50.059474945068359375, 19.9360828399658203125],
[50.05947113037109375, 19.935947418212890625],
[50.059398651123046875, 19.934967041015625],
[50.059391021728515625, 19.9349079132080078125],
[50.059383392333984375, 19.934844970703125],
[50.059368133544921875, 19.934783935546875],
[50.0593414306640625, 19.9346981048583984375],
[50.05926513671875, 19.9344844818115234375],
[50.059032440185546875, 19.9338703155517578125],
[50.05899810791015625, 19.9337825775146484375],
[50.058719635009765625, 19.9330425262451171875],
[50.058681488037109375, 19.9329395294189453125],
[50.0583953857421875, 19.932315826416015625],
[50.05768585205078125, 19.9307689666748046875],
[50.057628631591796875, 19.930675506591796875],
[50.056949615478515625, 19.9298458099365234375],
[50.056552886962890625, 19.9293651580810546875],
[50.05609130859375, 19.9288654327392578125],
[50.055843353271484375, 19.9286022186279296875],
[50.05572509765625, 19.9284496307373046875],
[50.0555572509765625, 19.92819976806640625],
[50.055507659912109375, 19.9281215667724609375],
[50.055419921875, 19.9279651641845703125],
[50.0552520751953125, 19.927600860595703125],
[50.0551910400390625, 19.9274501800537109375],
[50.055084228515625, 19.9271945953369140625],
[50.054836273193359375, 19.9266033172607421875],
[50.054615020751953125, 19.9260654449462890625],
[50.05440521240234375, 19.9253787994384765625],
[50.053623199462890625, 19.92255401611328125],
[50.05341339111328125, 19.92181396484375],
[50.053081512451171875, 19.920684814453125],
[50.05279541015625, 19.91968536376953125],
[50.05261993408203125, 19.9190540313720703125],
[50.052585601806640625, 19.9189128875732421875],
[50.052555084228515625, 19.918712615966796875],
[50.052539825439453125, 19.9185466766357421875],
[50.0525360107421875, 19.9183826446533203125],
[50.05254364013671875, 19.91814422607421875],
[50.052562713623046875, 19.9179172515869140625],
[50.052623748779296875, 19.9174022674560546875],
[50.05266571044921875, 19.917057037353515625],
[50.052764892578125, 19.9162425994873046875],
[50.05277252197265625, 19.91613006591796875],
[50.0527801513671875, 19.9160175323486328125],
[50.0527801513671875, 19.9159564971923828125],
[50.05278778076171875, 19.9155178070068359375],
[50.052783966064453125, 19.915401458740234375],
[50.052776336669921875, 19.9151821136474609375],
[50.052761077880859375, 19.914981842041015625],
[50.0527496337890625, 19.914875030517578125],
[50.052734375, 19.9147396087646484375],
[50.052734375, 19.91468048095703125],
[50.05274200439453125, 19.91461181640625],
[50.0527496337890625, 19.9145755767822265625],
[50.05275726318359375, 19.9145450592041015625],
[50.052768707275390625, 19.914516448974609375],
[50.052799224853515625, 19.914463043212890625],
[50.052822113037109375, 19.914432525634765625],
[50.052875518798828125, 19.9143810272216796875],
[50.052936553955078125, 19.9143352508544921875],
[50.052989959716796875, 19.9142742156982421875],
[50.053012847900390625, 19.9142246246337890625],
[50.053035736083984375, 19.91416168212890625],
[50.053050994873046875, 19.91408538818359375],
[50.053050994873046875, 19.9140148162841796875],
[50.053043365478515625, 19.9139385223388671875],
[50.053020477294921875, 19.9138584136962890625],
[50.052989959716796875, 19.913791656494140625],
[50.052967071533203125, 19.9137592315673828125],
[50.052936553955078125, 19.913726806640625],
[50.052898406982421875, 19.9136981964111328125],
[50.052837371826171875, 19.9136791229248046875],
[50.05280303955078125, 19.9136829376220703125]]
